12  <- 37 -> 62 
0  <- 12 -> 25 
. <- 0 -> .
. <- 25 -> .
50  <- 62 -> 75 
. <- 50 -> .
. <- 75 -> 87 
. <- 87 -> .

87

12  <- 37 -> 62 
0  <- 12 -> 25 
. <- 0 -> .
. <- 25 -> .
50  <- 62 -> 75 
40  <- 50 -> .
. <- 40 -> .
. <- 75 -> 87 
. <- 87 -> .

12  <- 37 -> 62 
0  <- 12 -> 25 
. <- 0 -> .
. <- 25 -> .
50  <- 62 -> 75 
. <- 50 -> .
. <- 75 -> 87 
. <- 87 -> .

37

25 
37 
50 

0 87
12 75
25 62
37 50

0 87
12 75
25 62
37 50

0 87
12 75
25 62
37 50

